               |Artigas        Canelones      Melo           Colonia        Durazno        Trinidad       Florida        Lavalleja      Maldonado      Montevideo     Paysandú       Río Negro      Rivera         Rocha          Salto          San José       Mercedes       Tacuarembó     Treinta y      
------------------------------------------------------------------------------------------------------------------------------------------------------------------------------------------------------------------------------------------------------------------------------------------------------------
Artigas        |0.00           550.05         385.68         658.83         412.24         452.28         500.65         616.56         695.20         599.09         324.81         335.27         111.09         668.54         209.47         549.11         503.30         206.20         500.42         
Canelones      |550.05         0.00           406.77         161.89         139.18         145.90         51.05          127.83         146.46         49.22          329.50         275.70         456.95         217.05         443.72         49.74          240.76         346.39         294.74         
Melo           |385.68         406.77         0.00           568.01         291.99         332.02         321.47         278.79         323.96         396.54         439.83         330.45         283.02         280.94         422.56         455.86         552.85         201.38         112.82         
Colonia        |658.83         161.89         568.01         0.00           246.99         207.37         197.77         289.47         308.11         179.95         319.53         385.87         567.12         378.69         433.75         112.29         201.17         456.56         456.38         
Durazno        |412.24         139.18         291.99         246.99         0.00           40.44          89.69          205.60         284.24         188.13         223.66         137.27         318.52         354.82         337.88         137.28         200.87         207.96         251.98         
Trinidad       |452.28         145.90         332.02         207.37         40.44          0.00           128.36         273.56         292.19         192.17         183.60         179.55         360.80         362.78         297.82         97.64          160.44         250.24         440.47         
Florida        |500.65         51.05          321.47         197.77         89.69          128.36         0.00           116.88         195.51         99.40          311.80         226.31         407.56         266.10         426.02         85.04          276.06         297.00         283.79         
Lavalleja      |616.56         127.83         278.79         289.47         205.60         273.56         116.88         0.00           79.72          118.09         457.17         341.97         523.22         133.03         571.39         177.40         368.42         412.66         167.07         
Maldonado      |695.20         146.46         323.96         308.11         284.24         292.19         195.51         79.72          0.00           127.98         476.59         421.30         602.55         84.80          590.81         196.82         387.84         491.99         212.57         
Montevideo     |599.09         49.22          396.54         179.95         188.13         192.17         99.40          118.09         127.98         0.00           375.22         324.29         505.54         197.99         489.44         94.47          282.69         394.98         284.57         
Paysandú       |324.81         329.50         439.83         319.53         223.66         183.60         311.80         457.17         476.59         375.22         0.00           282.42         350.47         545.74         121.98         280.59         120.97         236.71         623.42         
Río Negro      |335.27         275.70         330.45         385.87         137.27         179.55         226.31         341.97         421.30         324.29         282.42         0.00           241.61         491.13         351.63         274.46         338.05         131.05         442.70         
Rivera         |111.09         456.95         283.02         567.12         318.52         360.80         407.56         523.22         602.55         505.54         350.47         241.61         0.00           565.69         333.54         455.26         463.81         112.35         397.57         
Rocha          |668.54         217.05         280.94         378.69         354.82         362.78         266.10         133.03         84.80          197.99         545.74         491.13         565.69         0.00           660.47         266.48         457.50         561.65         169.16         
Salto          |209.47         443.72         422.56         433.75         337.88         297.82         426.02         571.39         590.81         489.44         121.98         351.63         333.54         660.47         0.00           395.79         236.18         219.64         532.73         
San José       |549.11         49.74          455.86         112.29         137.28         97.64          85.04          177.40         196.82         94.47          280.59         274.46         455.26         266.48         395.79         0.00           191.24         346.64         344.29         
Mercedes       |503.30         240.76         552.85         201.17         200.87         160.44         276.06         368.42         387.84         282.69         120.97         338.05         463.81         457.50         236.18         191.24         0.00           350.59         534.97         
Tacuarembó     |206.20         346.39         201.38         456.56         207.96         250.24         297.00         412.66         491.99         394.98         236.71         131.05         112.35         561.65         219.64         346.64         350.59         0.00           314.27         
Treinta y      |500.42         294.74         112.82         456.38         251.98         440.47         283.79         167.07         212.57         284.57         623.42         442.70         397.57         169.16         532.73         344.29         534.97         314.27         0.00   